USGS	04112500	00060	70495	1932	1	215.5
USGS	04112500	00060	70495	1932	2	221.9
USGS	04112500	00060	70495	1932	3	225.2
USGS	04112500	00060	70495	1932	4	290.5
USGS	04112500	00060	70495	1932	5	362.4
USGS	04112500	00060	70495	1932	6	142.9
USGS	04112500	00060	70495	1932	7	34.2
USGS	04112500	00060	70495	1932	8	39.9
USGS	04112500	00060	70495	1932	9	183.2
USGS	04112500	00060	70495	1932	10	127.7
USGS	04112500	00060	70495	1932	11	199.2
USGS	04112500	00060	70495	1932	12	262.6
USGS	04112500	00060	70495	1933	1	294.3
USGS	04112500	00060	70495	1933	2	182.7
USGS	04112500	00060	70495	1933	3	321.1
USGS	04112500	00060	70495	1933	4	669.5
USGS	04112500	00060	70495	1933	5	354.5
USGS	04112500	00060	70495	1933	6	61.6
USGS	04112500	00060	70495	1933	7	31.0
USGS	04112500	00060	70495	1933	8	30.2
USGS	04112500	00060	70495	1933	9	25.8
USGS	04112500	00060	70495	1933	10	61.6
USGS	04112500	00060	70495	1933	11	81.8
USGS	04112500	00060	70495	1933	12	114.8
USGS	04112500	00060	70495	1934	1	120.5
USGS	04112500	00060	70495	1934	2	45.3
USGS	04112500	00060	70495	1934	3	58.6
USGS	04112500	00060	70495	1934	4	464.7
USGS	04112500	00060	70495	1934	5	65.4
USGS	04112500	00060	70495	1934	6	20.4
USGS	04112500	00060	70495	1934	7	5.70
USGS	04112500	00060	70495	1934	8	9.24
USGS	04112500	00060	70495	1934	9	25.5
USGS	04112500	00060	70495	1934	10	14.8
USGS	04112500	00060	70495	1934	11	21.8
USGS	04112500	00060	70495	1934	12	22.6
USGS	04112500	00060	70495	1935	1	117.0
USGS	04112500	00060	70495	1935	2	99.1
USGS	04112500	00060	70495	1935	3	655.4
USGS	04112500	00060	70495	1935	4	113.0
USGS	04112500	00060	70495	1935	5	190.0
USGS	04112500	00060	70495	1935	6	127.0
USGS	04112500	00060	70495	1935	7	70.2
USGS	04112500	00060	70495	1935	8	29.8
USGS	04112500	00060	70495	1935	9	31.1
USGS	04112500	00060	70495	1935	10	24.5
USGS	04112500	00060	70495	1935	11	65.4
USGS	04112500	00060	70495	1935	12	65.2
USGS	04112500	00060	70495	1936	1	51.9
USGS	04112500	00060	70495	1936	2	160.1
USGS	04112500	00060	70495	1936	3	478.2
USGS	04112500	00060	70495	1936	4	211.9
USGS	04112500	00060	70495	1936	5	103.6
USGS	04112500	00060	70495	1936	6	35.6
USGS	04112500	00060	70495	1936	7	16.7
USGS	04112500	00060	70495	1936	8	10.8
USGS	04112500	00060	70495	1936	9	25.4
USGS	04112500	00060	70495	1936	10	49.8
USGS	04112500	00060	70495	1936	11	55.0
USGS	04112500	00060	70495	1936	12	40.0
USGS	04112500	00060	70495	1937	1	136.7
USGS	04112500	00060	70495	1937	2	155.0
USGS	04112500	00060	70495	1937	3	97.9
USGS	04112500	00060	70495	1937	4	810.8
USGS	04112500	00060	70495	1937	5	376.3
USGS	04112500	00060	70495	1937	6	485.0
USGS	04112500	00060	70495	1937	7	134.1
USGS	04112500	00060	70495	1937	8	77.0
USGS	04112500	00060	70495	1937	9	38.2
USGS	04112500	00060	70495	1937	10	55.4
USGS	04112500	00060	70495	1937	11	44.0
USGS	04112500	00060	70495	1937	12	43.3
USGS	04112500	00060	70495	1938	1	99.3
USGS	04112500	00060	70495	1938	2	1024
USGS	04112500	00060	70495	1938	3	474.0
USGS	04112500	00060	70495	1938	4	238.0
USGS	04112500	00060	70495	1938	5	214.6
USGS	04112500	00060	70495	1938	6	102.6
USGS	04112500	00060	70495	1938	7	29.1
USGS	04112500	00060	70495	1938	8	39.9
USGS	04112500	00060	70495	1938	9	31.8
USGS	04112500	00060	70495	1938	10	25.2
USGS	04112500	00060	70495	1938	11	25.2
USGS	04112500	00060	70495	1938	12	28.6
USGS	04112500	00060	70495	1939	1	39.3
USGS	04112500	00060	70495	1939	2	236.5
USGS	04112500	00060	70495	1939	3	339.3
USGS	04112500	00060	70495	1939	4	535.7
USGS	04112500	00060	70495	1939	5	100.4
USGS	04112500	00060	70495	1939	6	88.2
USGS	04112500	00060	70495	1939	7	24.3
USGS	04112500	00060	70495	1939	8	14.4
USGS	04112500	00060	70495	1939	9	14.6
USGS	04112500	00060	70495	1939	10	24.5
USGS	04112500	00060	70495	1939	11	32.6
USGS	04112500	00060	70495	1939	12	27.0
USGS	04112500	00060	70495	1940	1	29.0
USGS	04112500	00060	70495	1940	2	28.6
USGS	04112500	00060	70495	1940	3	251.5
USGS	04112500	00060	70495	1940	4	265.8
USGS	04112500	00060	70495	1940	5	94.5
USGS	04112500	00060	70495	1940	6	247.4
USGS	04112500	00060	70495	1940	7	54.4
USGS	04112500	00060	70495	1940	8	90.9
USGS	04112500	00060	70495	1940	9	93.7
USGS	04112500	00060	70495	1940	10	113.6
USGS	04112500	00060	70495	1940	11	114.0
USGS	04112500	00060	70495	1940	12	352.4
USGS	04112500	00060	70495	1941	1	297.6
USGS	04112500	00060	70495	1941	2	147.6
USGS	04112500	00060	70495	1941	3	278.2
USGS	04112500	00060	70495	1941	4	333.8
USGS	04112500	00060	70495	1941	5	99.9
USGS	04112500	00060	70495	1941	6	63.8
USGS	04112500	00060	70495	1941	7	23.3
USGS	04112500	00060	70495	1941	8	17.3
USGS	04112500	00060	70495	1941	9	16.0
USGS	04112500	00060	70495	1941	10	39.1
USGS	04112500	00060	70495	1941	11	114.4
USGS	04112500	00060	70495	1941	12	96.0
USGS	04112500	00060	70495	1942	1	84.3
USGS	04112500	00060	70495	1942	2	179.5
USGS	04112500	00060	70495	1942	3	912.3
USGS	04112500	00060	70495	1942	4	252.5
USGS	04112500	00060	70495	1942	5	99.3
USGS	04112500	00060	70495	1942	6	228.1
USGS	04112500	00060	70495	1942	7	56.6
USGS	04112500	00060	70495	1942	8	54.6
USGS	04112500	00060	70495	1942	9	34.2
USGS	04112500	00060	70495	1942	10	63.9
USGS	04112500	00060	70495	1942	11	202.5
USGS	04112500	00060	70495	1942	12	368.5
USGS	04112500	00060	70495	1943	1	297.0
USGS	04112500	00060	70495	1943	2	683.0
USGS	04112500	00060	70495	1943	3	665.9
USGS	04112500	00060	70495	1943	4	260.0
USGS	04112500	00060	70495	1943	5	1008
USGS	04112500	00060	70495	1943	6	448.8
USGS	04112500	00060	70495	1943	7	100.2
USGS	04112500	00060	70495	1943	8	58.2
USGS	04112500	00060	70495	1943	9	58.5
USGS	04112500	00060	70495	1943	10	59.0
USGS	04112500	00060	70495	1943	11	130.7
USGS	04112500	00060	70495	1943	12	70.4
USGS	04112500	00060	70495	1944	1	58.0
USGS	04112500	00060	70495	1944	2	311.9
USGS	04112500	00060	70495	1944	3	424.9
USGS	04112500	00060	70495	1944	4	466.8
USGS	04112500	00060	70495	1944	5	325.3
USGS	04112500	00060	70495	1944	6	140.9
USGS	04112500	00060	70495	1944	7	38.3
USGS	04112500	00060	70495	1944	8	20.5
USGS	04112500	00060	70495	1944	9	24.3
USGS	04112500	00060	70495	1944	10	31.6
USGS	04112500	00060	70495	1944	11	32.9
USGS	04112500	00060	70495	1944	12	35.0
USGS	04112500	00060	70495	1945	1	31.9
USGS	04112500	00060	70495	1945	2	69.0
USGS	04112500	00060	70495	1945	3	208.2
USGS	04112500	00060	70495	1945	4	243.9
USGS	04112500	00060	70495	1945	5	772.4
USGS	04112500	00060	70495	1945	6	289.0
USGS	04112500	00060	70495	1945	7	84.8
USGS	04112500	00060	70495	1945	8	48.5
USGS	04112500	00060	70495	1945	9	117.7
USGS	04112500	00060	70495	1945	10	344.8
USGS	04112500	00060	70495	1945	11	153.0
USGS	04112500	00060	70495	1945	12	118.0
USGS	04112500	00060	70495	1946	1	343.2
USGS	04112500	00060	70495	1946	2	133.0
USGS	04112500	00060	70495	1946	3	761.7
USGS	04112500	00060	70495	1946	4	119.6
USGS	04112500	00060	70495	1946	5	143.0
USGS	04112500	00060	70495	1946	6	102.0
USGS	04112500	00060	70495	1946	7	32.5
USGS	04112500	00060	70495	1946	8	22.0
USGS	04112500	00060	70495	1946	9	18.4
USGS	04112500	00060	70495	1946	10	29.9
USGS	04112500	00060	70495	1946	11	46.6
USGS	04112500	00060	70495	1946	12	48.1
USGS	04112500	00060	70495	1947	1	123.1
USGS	04112500	00060	70495	1947	2	88.1
USGS	04112500	00060	70495	1947	3	385.9
USGS	04112500	00060	70495	1947	4	1494
USGS	04112500	00060	70495	1947	5	619.5
USGS	04112500	00060	70495	1947	6	411.8
USGS	04112500	00060	70495	1947	7	95.9
USGS	04112500	00060	70495	1947	8	66.6
USGS	04112500	00060	70495	1947	9	189.5
USGS	04112500	00060	70495	1947	10	200.8
USGS	04112500	00060	70495	1947	11	226.0
USGS	04112500	00060	70495	1947	12	302.9
USGS	04112500	00060	70495	1948	1	127.2
USGS	04112500	00060	70495	1948	2	477.0
USGS	04112500	00060	70495	1948	3	1162
USGS	04112500	00060	70495	1948	4	545.8
USGS	04112500	00060	70495	1948	5	959.3
USGS	04112500	00060	70495	1948	6	175.9
USGS	04112500	00060	70495	1948	7	91.1
USGS	04112500	00060	70495	1948	8	45.5
USGS	04112500	00060	70495	1948	9	31.0
USGS	04112500	00060	70495	1948	10	36.7
USGS	04112500	00060	70495	1948	11	69.0
USGS	04112500	00060	70495	1948	12	65.3
USGS	04112500	00060	70495	1949	1	256.0
USGS	04112500	00060	70495	1949	2	664.7
USGS	04112500	00060	70495	1949	3	246.4
USGS	04112500	00060	70495	1949	4	441.5
USGS	04112500	00060	70495	1949	5	150.2
USGS	04112500	00060	70495	1949	6	146.4
USGS	04112500	00060	70495	1949	7	92.9
USGS	04112500	00060	70495	1949	8	42.6
USGS	04112500	00060	70495	1949	9	37.1
USGS	04112500	00060	70495	1949	10	64.1
USGS	04112500	00060	70495	1949	11	58.0
USGS	04112500	00060	70495	1949	12	328.7
USGS	04112500	00060	70495	1950	1	628.1
USGS	04112500	00060	70495	1950	2	395.9
USGS	04112500	00060	70495	1950	3	1030
USGS	04112500	00060	70495	1950	4	1039
USGS	04112500	00060	70495	1950	5	252.5
USGS	04112500	00060	70495	1950	6	196.2
USGS	04112500	00060	70495	1950	7	72.7
USGS	04112500	00060	70495	1950	8	66.5
USGS	04112500	00060	70495	1950	9	144.0
USGS	04112500	00060	70495	1950	10	80.6
USGS	04112500	00060	70495	1950	11	166.9
USGS	04112500	00060	70495	1950	12	361.4
USGS	04112500	00060	70495	1951	1	499.1
USGS	04112500	00060	70495	1951	2	681.4
USGS	04112500	00060	70495	1951	3	477.8
USGS	04112500	00060	70495	1951	4	584.5
USGS	04112500	00060	70495	1951	5	307.9
USGS	04112500	00060	70495	1951	6	103.6
USGS	04112500	00060	70495	1951	7	52.2
USGS	04112500	00060	70495	1951	8	39.1
USGS	04112500	00060	70495	1951	9	37.3
USGS	04112500	00060	70495	1951	10	90.5
USGS	04112500	00060	70495	1951	11	213.0
USGS	04112500	00060	70495	1951	12	217.8
USGS	04112500	00060	70495	1952	1	644.5
USGS	04112500	00060	70495	1952	2	320.4
USGS	04112500	00060	70495	1952	3	576.3
USGS	04112500	00060	70495	1952	4	767.5
USGS	04112500	00060	70495	1952	5	262.7
USGS	04112500	00060	70495	1952	6	105.2
USGS	04112500	00060	70495	1952	7	49.6
USGS	04112500	00060	70495	1952	8	39.3
USGS	04112500	00060	70495	1952	9	36.6
USGS	04112500	00060	70495	1952	10	30.2
USGS	04112500	00060	70495	1952	11	83.9
USGS	04112500	00060	70495	1952	12	114.6
USGS	04112500	00060	70495	1953	1	129.5
USGS	04112500	00060	70495	1953	2	120.2
USGS	04112500	00060	70495	1953	3	371.9
USGS	04112500	00060	70495	1953	4	327.7
USGS	04112500	00060	70495	1953	5	253.7
USGS	04112500	00060	70495	1953	6	154.4
USGS	04112500	00060	70495	1953	7	59.8
USGS	04112500	00060	70495	1953	8	58.1
USGS	04112500	00060	70495	1953	9	29.8
USGS	04112500	00060	70495	1953	10	27.1
USGS	04112500	00060	70495	1953	11	39.7
USGS	04112500	00060	70495	1953	12	48.2
USGS	04112500	00060	70495	1954	1	44.7
USGS	04112500	00060	70495	1954	2	471.4
USGS	04112500	00060	70495	1954	3	536.5
USGS	04112500	00060	70495	1954	4	378.3
USGS	04112500	00060	70495	1954	5	134.7
USGS	04112500	00060	70495	1954	6	421.5
USGS	04112500	00060	70495	1954	7	98.1
USGS	04112500	00060	70495	1954	8	45.2
USGS	04112500	00060	70495	1954	9	31.7
USGS	04112500	00060	70495	1954	10	159.9
USGS	04112500	00060	70495	1954	11	150.3
USGS	04112500	00060	70495	1954	12	183.5
USGS	04112500	00060	70495	1955	1	312.9
USGS	04112500	00060	70495	1955	2	316.1
USGS	04112500	00060	70495	1955	3	571.8
USGS	04112500	00060	70495	1955	4	205.3
USGS	04112500	00060	70495	1955	5	94.6
USGS	04112500	00060	70495	1955	6	82.5
USGS	04112500	00060	70495	1955	7	47.0
USGS	04112500	00060	70495	1955	8	29.2
USGS	04112500	00060	70495	1955	9	19.1
USGS	04112500	00060	70495	1955	10	38.6
USGS	04112500	00060	70495	1955	11	88.9
USGS	04112500	00060	70495	1955	12	69.5
USGS	04112500	00060	70495	1956	1	36.9
USGS	04112500	00060	70495	1956	2	76.3
USGS	04112500	00060	70495	1956	3	823.8
USGS	04112500	00060	70495	1956	4	446.8
USGS	04112500	00060	70495	1956	5	1310
USGS	04112500	00060	70495	1956	6	141.4
USGS	04112500	00060	70495	1956	7	67.3
USGS	04112500	00060	70495	1956	8	118.3
USGS	04112500	00060	70495	1956	9	47.1
USGS	04112500	00060	70495	1956	10	35.2
USGS	04112500	00060	70495	1956	11	47.3
USGS	04112500	00060	70495	1956	12	63.5
USGS	04112500	00060	70495	1957	1	78.4
USGS	04112500	00060	70495	1957	2	188.1
USGS	04112500	00060	70495	1957	3	200.9
USGS	04112500	00060	70495	1957	4	355.0
USGS	04112500	00060	70495	1957	5	482.8
USGS	04112500	00060	70495	1957	6	134.9
USGS	04112500	00060	70495	1957	7	534.0
USGS	04112500	00060	70495	1957	8	60.5
USGS	04112500	00060	70495	1957	9	49.4
USGS	04112500	00060	70495	1957	10	77.4
USGS	04112500	00060	70495	1957	11	155.7
USGS	04112500	00060	70495	1957	12	276.7
USGS	04112500	00060	70495	1958	1	139.5
USGS	04112500	00060	70495	1958	2	149.7
USGS	04112500	00060	70495	1958	3	299.1
USGS	04112500	00060	70495	1958	4	169.9
USGS	04112500	00060	70495	1958	5	78.3
USGS	04112500	00060	70495	1958	6	61.9
USGS	04112500	00060	70495	1958	7	131.0
USGS	04112500	00060	70495	1958	8	51.8
USGS	04112500	00060	70495	1958	9	33.5
USGS	04112500	00060	70495	1958	10	47.0
USGS	04112500	00060	70495	1958	11	59.3
USGS	04112500	00060	70495	1958	12	48.5
USGS	04112500	00060	70495	1959	1	47.3
USGS	04112500	00060	70495	1959	2	116.0
USGS	04112500	00060	70495	1959	3	915.0
USGS	04112500	00060	70495	1959	4	527.2
USGS	04112500	00060	70495	1959	5	201.7
USGS	04112500	00060	70495	1959	6	99.7
USGS	04112500	00060	70495	1959	7	72.4
USGS	04112500	00060	70495	1959	8	128.4
USGS	04112500	00060	70495	1959	9	93.3
USGS	04112500	00060	70495	1959	10	470.9
USGS	04112500	00060	70495	1959	11	420.4
USGS	04112500	00060	70495	1959	12	358.1
USGS	04112500	00060	70495	1960	1	376.6
USGS	04112500	00060	70495	1960	2	349.0
USGS	04112500	00060	70495	1960	3	442.5
USGS	04112500	00060	70495	1960	4	795.0
USGS	04112500	00060	70495	1960	5	293.0
USGS	04112500	00060	70495	1960	6	257.4
USGS	04112500	00060	70495	1960	7	65.6
USGS	04112500	00060	70495	1960	8	50.3
USGS	04112500	00060	70495	1960	9	38.4
USGS	04112500	00060	70495	1960	10	42.1
USGS	04112500	00060	70495	1960	11	56.5
USGS	04112500	00060	70495	1960	12	41.8
USGS	04112500	00060	70495	1961	1	34.9
USGS	04112500	00060	70495	1961	2	57.8
USGS	04112500	00060	70495	1961	3	192.0
USGS	04112500	00060	70495	1961	4	380.2
USGS	04112500	00060	70495	1961	5	195.0
USGS	04112500	00060	70495	1961	6	75.2
USGS	04112500	00060	70495	1961	7	37.1
USGS	04112500	00060	70495	1961	8	72.3
USGS	04112500	00060	70495	1961	9	95.0
USGS	04112500	00060	70495	1961	10	66.1
USGS	04112500	00060	70495	1961	11	102.4
USGS	04112500	00060	70495	1961	12	109.0
USGS	04112500	00060	70495	1962	1	86.6
USGS	04112500	00060	70495	1962	2	110.1
USGS	04112500	00060	70495	1962	3	762.8
USGS	04112500	00060	70495	1962	4	218.2
USGS	04112500	00060	70495	1962	5	164.5
USGS	04112500	00060	70495	1962	6	90.2
USGS	04112500	00060	70495	1962	7	53.4
USGS	04112500	00060	70495	1962	8	28.2
USGS	04112500	00060	70495	1962	9	41.6
USGS	04112500	00060	70495	1962	10	48.6
USGS	04112500	00060	70495	1962	11	50.6
USGS	04112500	00060	70495	1962	12	42.1
USGS	04112500	00060	70495	1963	1	31.8
USGS	04112500	00060	70495	1963	2	31.2
USGS	04112500	00060	70495	1963	3	451.3
USGS	04112500	00060	70495	1963	4	139.8
USGS	04112500	00060	70495	1963	5	176.8
USGS	04112500	00060	70495	1963	6	148.1
USGS	04112500	00060	70495	1963	7	31.9
USGS	04112500	00060	70495	1963	8	20.7
USGS	04112500	00060	70495	1963	9	18.5
USGS	04112500	00060	70495	1963	10	15.9
USGS	04112500	00060	70495	1963	11	21.2
USGS	04112500	00060	70495	1963	12	20.5
USGS	04112500	00060	70495	1964	1	31.4
USGS	04112500	00060	70495	1964	2	34.6
USGS	04112500	00060	70495	1964	3	65.3
USGS	04112500	00060	70495	1964	4	114.0
USGS	04112500	00060	70495	1964	5	121.6
USGS	04112500	00060	70495	1964	6	36.8
USGS	04112500	00060	70495	1964	7	21.4
USGS	04112500	00060	70495	1964	8	20.9
USGS	04112500	00060	70495	1964	9	16.7
USGS	04112500	00060	70495	1964	10	17.8
USGS	04112500	00060	70495	1964	11	32.9
USGS	04112500	00060	70495	1964	12	46.0
USGS	04112500	00060	70495	1965	1	67.4
USGS	04112500	00060	70495	1965	2	446.6
USGS	04112500	00060	70495	1965	3	453.1
USGS	04112500	00060	70495	1965	4	588.0
USGS	04112500	00060	70495	1965	5	95.5
USGS	04112500	00060	70495	1965	6	50.4
USGS	04112500	00060	70495	1965	7	16.1
USGS	04112500	00060	70495	1965	8	18.4
USGS	04112500	00060	70495	1965	9	24.3
USGS	04112500	00060	70495	1965	10	27.9
USGS	04112500	00060	70495	1965	11	38.8
USGS	04112500	00060	70495	1965	12	148.2
USGS	04112500	00060	70495	1966	1	116.2
USGS	04112500	00060	70495	1966	2	121.6
USGS	04112500	00060	70495	1966	3	407.2
USGS	04112500	00060	70495	1966	4	288.8
USGS	04112500	00060	70495	1966	5	284.4
USGS	04112500	00060	70495	1966	6	89.0
USGS	04112500	00060	70495	1966	7	42.4
USGS	04112500	00060	70495	1966	8	41.2
USGS	04112500	00060	70495	1966	9	31.1
USGS	04112500	00060	70495	1966	10	31.4
USGS	04112500	00060	70495	1966	11	100.9
USGS	04112500	00060	70495	1966	12	273.2
USGS	04112500	00060	70495	1967	1	163.5
USGS	04112500	00060	70495	1967	2	240.8
USGS	04112500	00060	70495	1967	3	609.2
USGS	04112500	00060	70495	1967	4	523.1
USGS	04112500	00060	70495	1967	5	167.2
USGS	04112500	00060	70495	1967	6	122.6
USGS	04112500	00060	70495	1967	7	67.5
USGS	04112500	00060	70495	1967	8	39.1
USGS	04112500	00060	70495	1967	9	31.4
USGS	04112500	00060	70495	1967	10	68.4
USGS	04112500	00060	70495	1967	11	142.7
USGS	04112500	00060	70495	1967	12	353.1
USGS	04112500	00060	70495	1968	1	192.4
USGS	04112500	00060	70495	1968	2	550.9
USGS	04112500	00060	70495	1968	3	277.7
USGS	04112500	00060	70495	1968	4	297.0
USGS	04112500	00060	70495	1968	5	211.4
USGS	04112500	00060	70495	1968	6	627.2
USGS	04112500	00060	70495	1968	7	477.8
USGS	04112500	00060	70495	1968	8	176.7
USGS	04112500	00060	70495	1968	9	87.4
USGS	04112500	00060	70495	1968	10	69.7
USGS	04112500	00060	70495	1968	11	158.5
USGS	04112500	00060	70495	1968	12	266.4
USGS	04112500	00060	70495	1969	1	523.3
USGS	04112500	00060	70495	1969	2	305.8
USGS	04112500	00060	70495	1969	3	208.2
USGS	04112500	00060	70495	1969	4	630.4
USGS	04112500	00060	70495	1969	5	474.1
USGS	04112500	00060	70495	1969	6	229.7
USGS	04112500	00060	70495	1969	7	241.8
USGS	04112500	00060	70495	1969	8	68.2
USGS	04112500	00060	70495	1969	9	36.7
USGS	04112500	00060	70495	1969	10	46.0
USGS	04112500	00060	70495	1969	11	97.4
USGS	04112500	00060	70495	1969	12	72.4
USGS	04112500	00060	70495	1970	1	49.8
USGS	04112500	00060	70495	1970	2	92.5
USGS	04112500	00060	70495	1970	3	238.2
USGS	04112500	00060	70495	1970	4	562.0
USGS	04112500	00060	70495	1970	5	261.2
USGS	04112500	00060	70495	1970	6	278.0
USGS	04112500	00060	70495	1970	7	126.8
USGS	04112500	00060	70495	1970	8	50.7
USGS	04112500	00060	70495	1970	9	57.9
USGS	04112500	00060	70495	1970	10	103.9
USGS	04112500	00060	70495	1970	11	205.7
USGS	04112500	00060	70495	1970	12	201.6
USGS	04112500	00060	70495	1971	1	100.3
USGS	04112500	00060	70495	1971	2	625.3
USGS	04112500	00060	70495	1971	3	660.5
USGS	04112500	00060	70495	1971	4	259.2
USGS	04112500	00060	70495	1971	5	101.1
USGS	04112500	00060	70495	1971	6	54.4
USGS	04112500	00060	70495	1971	7	37.3
USGS	04112500	00060	70495	1971	8	19.0
USGS	04112500	00060	70495	1971	9	23.6
USGS	04112500	00060	70495	1971	10	30.2
USGS	04112500	00060	70495	1971	11	44.0
USGS	04112500	00060	70495	1971	12	158.7
USGS	04112500	00060	70495	1972	1	163.5
USGS	04112500	00060	70495	1972	2	82.7
USGS	04112500	00060	70495	1972	3	497.8
USGS	04112500	00060	70495	1972	4	515.8
USGS	04112500	00060	70495	1972	5	234.1
USGS	04112500	00060	70495	1972	6	83.6
USGS	04112500	00060	70495	1972	7	60.4
USGS	04112500	00060	70495	1972	8	47.4
USGS	04112500	00060	70495	1972	9	108.2
USGS	04112500	00060	70495	1972	10	139.2
USGS	04112500	00060	70495	1972	11	374.0
USGS	04112500	00060	70495	1972	12	399.3
USGS	04112500	00060	70495	1973	1	710.3
USGS	04112500	00060	70495	1973	2	251.5
USGS	04112500	00060	70495	1973	3	972.0
USGS	04112500	00060	70495	1973	4	635.8
USGS	04112500	00060	70495	1973	5	305.8
USGS	04112500	00060	70495	1973	6	247.8
USGS	04112500	00060	70495	1973	7	79.6
USGS	04112500	00060	70495	1973	8	51.5
USGS	04112500	00060	70495	1973	9	34.2
USGS	04112500	00060	70495	1973	10	56.0
USGS	04112500	00060	70495	1973	11	161.0
USGS	04112500	00060	70495	1973	12	330.9
USGS	04112500	00060	70495	1974	1	679.8
USGS	04112500	00060	70495	1974	2	502.1
USGS	04112500	00060	70495	1974	3	992.4
USGS	04112500	00060	70495	1974	4	785.4
USGS	04112500	00060	70495	1974	5	507.1
USGS	04112500	00060	70495	1974	6	134.7
USGS	04112500	00060	70495	1974	7	51.9
USGS	04112500	00060	70495	1974	8	41.6
USGS	04112500	00060	70495	1974	9	34.8
USGS	04112500	00060	70495	1974	10	40.9
USGS	04112500	00060	70495	1974	11	76.0
USGS	04112500	00060	70495	1974	12	102.8
USGS	04112500	00060	70495	1975	1	265.5
USGS	04112500	00060	70495	1975	2	371.6
USGS	04112500	00060	70495	1975	3	481.6
USGS	04112500	00060	70495	1975	4	1351
USGS	04112500	00060	70495	1975	5	341.1
USGS	04112500	00060	70495	1975	6	221.1
USGS	04112500	00060	70495	1975	7	71.2
USGS	04112500	00060	70495	1975	8	112.5
USGS	04112500	00060	70495	1975	9	282.7
USGS	04112500	00060	70495	1975	10	82.8
USGS	04112500	00060	70495	1975	11	137.6
USGS	04112500	00060	70495	1975	12	491.6
USGS	04112500	00060	70495	1976	1	169.0
USGS	04112500	00060	70495	1976	2	851.6
USGS	04112500	00060	70495	1976	3	924.5
USGS	04112500	00060	70495	1976	4	462.6
USGS	04112500	00060	70495	1976	5	401.7
USGS	04112500	00060	70495	1976	6	98.4
USGS	04112500	00060	70495	1976	7	150.5
USGS	04112500	00060	70495	1976	8	37.2
USGS	04112500	00060	70495	1976	9	30.4
USGS	04112500	00060	70495	1976	10	46.4
USGS	04112500	00060	70495	1976	11	47.8
USGS	04112500	00060	70495	1976	12	48.4
USGS	04112500	00060	70495	1977	1	38.7
USGS	04112500	00060	70495	1977	2	73.9
USGS	04112500	00060	70495	1977	3	341.6
USGS	04112500	00060	70495	1977	4	423.8
USGS	04112500	00060	70495	1977	5	146.6
USGS	04112500	00060	70495	1977	6	69.8
USGS	04112500	00060	70495	1977	7	37.5
USGS	04112500	00060	70495	1977	8	25.5
USGS	04112500	00060	70495	1977	9	45.1
USGS	04112500	00060	70495	1977	10	47.8
USGS	04112500	00060	70495	1977	11	64.6
USGS	04112500	00060	70495	1977	12	168.1
USGS	04112500	00060	70495	1978	1	78.2
USGS	04112500	00060	70495	1978	2	64.5
USGS	04112500	00060	70495	1978	3	505.9
USGS	04112500	00060	70495	1978	4	470.1
USGS	04112500	00060	70495	1978	5	206.3
USGS	04112500	00060	70495	1978	6	63.2
USGS	04112500	00060	70495	1978	7	29.4
USGS	04112500	00060	70495	1978	8	24.8
USGS	04112500	00060	70495	1978	9	33.2
USGS	04112500	00060	70495	1978	10	39.9
USGS	04112500	00060	70495	1978	11	64.3
USGS	04112500	00060	70495	1978	12	71.5
USGS	04112500	00060	70495	1979	1	93.4
USGS	04112500	00060	70495	1979	2	68.2
USGS	04112500	00060	70495	1979	3	606.2
USGS	04112500	00060	70495	1979	4	437.5
USGS	04112500	00060	70495	1979	5	182.3
USGS	04112500	00060	70495	1979	6	63.5
USGS	04112500	00060	70495	1979	7	81.0
USGS	04112500	00060	70495	1979	8	44.7
USGS	04112500	00060	70495	1979	9	22.9
USGS	04112500	00060	70495	1979	10	28.9
USGS	04112500	00060	70495	1979	11	59.6
USGS	04112500	00060	70495	1979	12	143.1
USGS	04112500	00060	70495	1980	1	131.7
USGS	04112500	00060	70495	1980	2	100.1
USGS	04112500	00060	70495	1980	3	338.8
USGS	04112500	00060	70495	1980	4	568.5
USGS	04112500	00060	70495	1980	5	246.2
USGS	04112500	00060	70495	1980	6	219.6
USGS	04112500	00060	70495	1980	7	63.5
USGS	04112500	00060	70495	1980	8	144.6
USGS	04112500	00060	70495	1980	9	192.0
USGS	04112500	00060	70495	1980	10	133.8
USGS	04112500	00060	70495	1980	11	102.7
USGS	04112500	00060	70495	1980	12	234.9
USGS	04112500	00060	70495	1981	1	86.1
USGS	04112500	00060	70495	1981	2	622.4
USGS	04112500	00060	70495	1981	3	269.6
USGS	04112500	00060	70495	1981	4	434.7
USGS	04112500	00060	70495	1981	5	354.4
USGS	04112500	00060	70495	1981	6	113.7
USGS	04112500	00060	70495	1981	7	43.4
USGS	04112500	00060	70495	1981	8	37.1
USGS	04112500	00060	70495	1981	9	113.5
USGS	04112500	00060	70495	1981	10	571.0
USGS	04112500	00060	70495	1981	11	210.4
USGS	04112500	00060	70495	1981	12	146.5
USGS	04112500	00060	70495	1982	1	122.2
USGS	04112500	00060	70495	1982	2	89.0
USGS	04112500	00060	70495	1982	3	1046
USGS	04112500	00060	70495	1982	4	560.2
USGS	04112500	00060	70495	1982	5	143.6
USGS	04112500	00060	70495	1982	6	194.0
USGS	04112500	00060	70495	1982	7	99.7
USGS	04112500	00060	70495	1982	8	41.3
USGS	04112500	00060	70495	1982	9	44.9
USGS	04112500	00060	70495	1982	10	41.5
USGS	04112500	00060	70495	1982	11	157.5
USGS	04112500	00060	70495	1982	12	298.8
USGS	04112500	00060	70495	1983	1	144.2
USGS	04112500	00060	70495	1983	2	228.0
USGS	04112500	00060	70495	1983	3	394.6
USGS	04112500	00060	70495	1983	4	696.0
USGS	04112500	00060	70495	1983	5	591.9
USGS	04112500	00060	70495	1983	6	261.4
USGS	04112500	00060	70495	1983	7	110.1
USGS	04112500	00060	70495	1983	8	43.7
USGS	04112500	00060	70495	1983	9	44.3
USGS	04112500	00060	70495	1983	10	47.4
USGS	04112500	00060	70495	1983	11	114.0
USGS	04112500	00060	70495	1983	12	187.5
USGS	04112500	00060	70495	1984	1	86.1
USGS	04112500	00060	70495	1984	2	285.0
USGS	04112500	00060	70495	1984	3	330.8
USGS	04112500	00060	70495	1984	4	404.5
USGS	04112500	00060	70495	1984	5	306.2
USGS	04112500	00060	70495	1984	6	129.2
USGS	04112500	00060	70495	1984	7	31.4
USGS	04112500	00060	70495	1984	8	23.6
USGS	04112500	00060	70495	1984	9	29.0
USGS	04112500	00060	70495	1984	10	49.2
USGS	04112500	00060	70495	1984	11	114.3
USGS	04112500	00060	70495	1984	12	186.5
USGS	04112500	00060	70495	1985	1	322.3
USGS	04112500	00060	70495	1985	2	641.8
USGS	04112500	00060	70495	1985	3	935.6
USGS	04112500	00060	70495	1985	4	824.6
USGS	04112500	00060	70495	1985	5	187.6
USGS	04112500	00060	70495	1985	6	155.2
USGS	04112500	00060	70495	1985	7	53.5
USGS	04112500	00060	70495	1985	8	49.7
USGS	04112500	00060	70495	1985	9	83.3
USGS	04112500	00060	70495	1985	10	174.4
USGS	04112500	00060	70495	1985	11	379.1
USGS	04112500	00060	70495	1985	12	248.5
USGS	04112500	00060	70495	1986	1	205.0
USGS	04112500	00060	70495	1986	2	390.1
USGS	04112500	00060	70495	1986	3	870.4
USGS	04112500	00060	70495	1986	4	288.3
USGS	04112500	00060	70495	1986	5	186.5
USGS	04112500	00060	70495	1986	6	435.5
USGS	04112500	00060	70495	1986	7	93.5
USGS	04112500	00060	70495	1986	8	51.5
USGS	04112500	00060	70495	1986	9	152.0
USGS	04112500	00060	70495	1986	10	509.7
USGS	04112500	00060	70495	1986	11	165.5
USGS	04112500	00060	70495	1986	12	242.5
USGS	04112500	00060	70495	1987	1	171.0
USGS	04112500	00060	70495	1987	2	159.5
USGS	04112500	00060	70495	1987	3	325.5
USGS	04112500	00060	70495	1987	4	231.9
USGS	04112500	00060	70495	1987	5	87.9
USGS	04112500	00060	70495	1987	6	75.2
USGS	04112500	00060	70495	1987	7	37.1
USGS	04112500	00060	70495	1987	8	36.2
USGS	04112500	00060	70495	1987	9	53.1
USGS	04112500	00060	70495	1987	10	61.5
USGS	04112500	00060	70495	1987	11	110.2
USGS	04112500	00060	70495	1987	12	356.4
USGS	04112500	00060	70495	1988	1	236.9
USGS	04112500	00060	70495	1988	2	293.7
USGS	04112500	00060	70495	1988	3	348.7
USGS	04112500	00060	70495	1988	4	431.5
USGS	04112500	00060	70495	1988	5	131.2
USGS	04112500	00060	70495	1988	6	34.6
USGS	04112500	00060	70495	1988	7	22.8
USGS	04112500	00060	70495	1988	8	43.4
USGS	04112500	00060	70495	1988	9	50.3
USGS	04112500	00060	70495	1988	10	96.4
USGS	04112500	00060	70495	1988	11	465.5
USGS	04112500	00060	70495	1988	12	193.2
USGS	04112500	00060	70495	1989	1	228.8
USGS	04112500	00060	70495	1989	2	129.5
USGS	04112500	00060	70495	1989	3	352.3
USGS	04112500	00060	70495	1989	4	378.2
USGS	04112500	00060	70495	1989	5	197.3
USGS	04112500	00060	70495	1989	6	597.7
USGS	04112500	00060	70495	1989	7	114.3
USGS	04112500	00060	70495	1989	8	63.8
USGS	04112500	00060	70495	1989	9	201.8
USGS	04112500	00060	70495	1989	10	86.1
USGS	04112500	00060	70495	1989	11	281.1
USGS	04112500	00060	70495	1989	12	119.4
USGS	04112500	00060	70495	1990	1	395.7
USGS	04112500	00060	70495	1990	2	417.5
USGS	04112500	00060	70495	1990	3	670.8
USGS	04112500	00060	70495	1990	4	425.6
USGS	04112500	00060	70495	1990	5	348.4
USGS	04112500	00060	70495	1990	6	131.8
USGS	04112500	00060	70495	1990	7	71.5
USGS	04112500	00060	70495	1990	8	45.3
USGS	04112500	00060	70495	1990	9	59.1
USGS	04112500	00060	70495	1990	10	172.3
USGS	04112500	00060	70495	1990	11	364.0
USGS	04112500	00060	70495	1990	12	402.0
USGS	04112500	00060	70495	1991	1	358.6
USGS	04112500	00060	70495	1991	2	349.1
USGS	04112500	00060	70495	1991	3	433.2
USGS	04112500	00060	70495	1991	4	547.3
USGS	04112500	00060	70495	1991	5	218.5
USGS	04112500	00060	70495	1991	6	111.7
USGS	04112500	00060	70495	1991	7	56.7
USGS	04112500	00060	70495	1991	8	52.5
USGS	04112500	00060	70495	1991	9	28.1
USGS	04112500	00060	70495	1991	10	62.8
USGS	04112500	00060	70495	1991	11	132.2
USGS	04112500	00060	70495	1991	12	335.8
USGS	04112500	00060	70495	1992	1	214.6
USGS	04112500	00060	70495	1992	2	264.9
USGS	04112500	00060	70495	1992	3	373.3
USGS	04112500	00060	70495	1992	4	560.8
USGS	04112500	00060	70495	1992	5	249.8
USGS	04112500	00060	70495	1992	6	110.4
USGS	04112500	00060	70495	1992	7	176.1
USGS	04112500	00060	70495	1992	8	366.5
USGS	04112500	00060	70495	1992	9	347.8
USGS	04112500	00060	70495	1992	10	340.2
USGS	04112500	00060	70495	1992	11	735.1
USGS	04112500	00060	70495	1992	12	341.4
USGS	04112500	00060	70495	1993	1	738.8
USGS	04112500	00060	70495	1993	2	218.6
USGS	04112500	00060	70495	1993	3	607.7
USGS	04112500	00060	70495	1993	4	831.0
USGS	04112500	00060	70495	1993	5	316.6
USGS	04112500	00060	70495	1993	6	454.4
USGS	04112500	00060	70495	1993	7	190.7
USGS	04112500	00060	70495	1993	8	132.6
USGS	04112500	00060	70495	1993	9	267.0
USGS	04112500	00060	70495	1993	10	376.0
USGS	04112500	00060	70495	1993	11	211.1
USGS	04112500	00060	70495	1993	12	221.4
USGS	04112500	00060	70495	1994	1	145.4
USGS	04112500	00060	70495	1994	2	423.1
USGS	04112500	00060	70495	1994	3	581.6
USGS	04112500	00060	70495	1994	4	408.9
USGS	04112500	00060	70495	1994	5	296.0
USGS	04112500	00060	70495	1994	6	476.3
USGS	04112500	00060	70495	1994	7	577.9
USGS	04112500	00060	70495	1994	8	224.3
USGS	04112500	00060	70495	1994	9	114.6
USGS	04112500	00060	70495	1994	10	274.8
USGS	04112500	00060	70495	1994	11	502.2
USGS	04112500	00060	70495	1994	12	494.3
USGS	04112500	00060	70495	1995	1	436.1
USGS	04112500	00060	70495	1995	2	221.3
USGS	04112500	00060	70495	1995	3	616.3
USGS	04112500	00060	70495	1995	4	406.9
USGS	04112500	00060	70495	1995	5	272.6
USGS	04112500	00060	70495	1995	6	110.1
USGS	04112500	00060	70495	1995	7	80.4
USGS	04112500	00060	70495	1995	8	129.0
USGS	04112500	00060	70495	1995	9	44.4
USGS	04112500	00060	70495	1995	10	58.2
USGS	04112500	00060	70495	1995	11	172.3
USGS	04112500	00060	70495	1995	12	111.2
USGS	04112500	00060	70495	1996	1	159.2
USGS	04112500	00060	70495	1996	2	178.4
USGS	04112500	00060	70495	1996	3	228.3
USGS	04112500	00060	70495	1996	4	328.1
USGS	04112500	00060	70495	1996	5	403.4
USGS	04112500	00060	70495	1996	6	462.9
USGS	04112500	00060	70495	1996	7	82.5
USGS	04112500	00060	70495	1996	8	45.5
USGS	04112500	00060	70495	1996	9	39.8
USGS	04112500	00060	70495	1996	10	53.9
USGS	04112500	00060	70495	1996	11	113.0
USGS	04112500	00060	70495	1996	12	207.3
USGS	04112500	00060	70495	1997	1	253.8
USGS	04112500	00060	70495	1997	2	515.0
USGS	04112500	00060	70495	1997	3	599.1
USGS	04112500	00060	70495	1997	4	395.5
USGS	04112500	00060	70495	1997	5	271.8
USGS	04112500	00060	70495	1997	6	144.3
USGS	04112500	00060	70495	1997	7	86.6
USGS	04112500	00060	70495	1997	8	88.7
USGS	04112500	00060	70495	1997	9	142.6
USGS	04112500	00060	70495	1997	10	88.7
USGS	04112500	00060	70495	1997	11	147.8
USGS	04112500	00060	70495	1997	12	183.7
USGS	04112500	00060	70495	1998	1	510.3
USGS	04112500	00060	70495	1998	2	637.4
USGS	04112500	00060	70495	1998	3	802.8
USGS	04112500	00060	70495	1998	4	459.9
USGS	04112500	00060	70495	1998	5	436.8
USGS	04112500	00060	70495	1998	6	85.8
USGS	04112500	00060	70495	1998	7	61.2
USGS	04112500	00060	70495	1998	8	46.1
USGS	04112500	00060	70495	1998	9	32.0
USGS	04112500	00060	70495	1998	10	41.8
USGS	04112500	00060	70495	1998	11	51.6
USGS	04112500	00060	70495	1998	12	65.5
USGS	04112500	00060	70495	1999	1	271.2
USGS	04112500	00060	70495	1999	2	187.0
USGS	04112500	00060	70495	1999	3	183.7
USGS	04112500	00060	70495	1999	4	571.3
USGS	04112500	00060	70495	1999	5	186.4
USGS	04112500	00060	70495	1999	6	73.4
USGS	04112500	00060	70495	1999	7	85.8
USGS	04112500	00060	70495	1999	8	37.2
USGS	04112500	00060	70495	1999	9	20.4
USGS	04112500	00060	70495	1999	10	33.0
USGS	04112500	00060	70495	1999	11	40.7
USGS	04112500	00060	70495	1999	12	57.7
USGS	04112500	00060	70495	2000	1	57.0
USGS	04112500	00060	70495	2000	2	87.8
USGS	04112500	00060	70495	2000	3	105.3
USGS	04112500	00060	70495	2000	4	198.2
USGS	04112500	00060	70495	2000	5	354.9
USGS	04112500	00060	70495	2000	6	230.6
USGS	04112500	00060	70495	2000	7	133.9
USGS	04112500	00060	70495	2000	8	124.1
USGS	04112500	00060	70495	2000	9	181.7
USGS	04112500	00060	70495	2000	10	150.3
USGS	04112500	00060	70495	2000	11	186.9
USGS	04112500	00060	70495	2000	12	169.0
USGS	04112500	00060	70495	2001	1	195.6
USGS	04112500	00060	70495	2001	2	1036
USGS	04112500	00060	70495	2001	3	397.4
USGS	04112500	00060	70495	2001	4	298.8
USGS	04112500	00060	70495	2001	5	446.7
USGS	04112500	00060	70495	2001	6	271.1
USGS	04112500	00060	70495	2001	7	57.2
USGS	04112500	00060	70495	2001	8	38.6
USGS	04112500	00060	70495	2001	9	71.5
USGS	04112500	00060	70495	2001	10	381.7
USGS	04112500	00060	70495	2001	11	247.9
USGS	04112500	00060	70495	2001	12	339.3
USGS	04112500	00060	70495	2002	1	217.3
USGS	04112500	00060	70495	2002	2	390.8
USGS	04112500	00060	70495	2002	3	465.5
USGS	04112500	00060	70495	2002	4	329.1
USGS	04112500	00060	70495	2002	5	329.5
USGS	04112500	00060	70495	2002	6	196.9
USGS	04112500	00060	70495	2002	7	65.1
USGS	04112500	00060	70495	2002	8	45.3
USGS	04112500	00060	70495	2002	9	25.8
USGS	04112500	00060	70495	2002	10	31.5
USGS	04112500	00060	70495	2002	11	44.7
USGS	04112500	00060	70495	2002	12	47.6
USGS	04112500	00060	70495	2003	1	41.9
USGS	04112500	00060	70495	2003	2	40.0
USGS	04112500	00060	70495	2003	3	198.7
USGS	04112500	00060	70495	2003	4	367.7
USGS	04112500	00060	70495	2003	5	255.8
USGS	04112500	00060	70495	2003	6	161.6
USGS	04112500	00060	70495	2003	7	43.9
USGS	04112500	00060	70495	2003	8	30.4
USGS	04112500	00060	70495	2003	9	28.2
USGS	04112500	00060	70495	2003	10	49.1
USGS	04112500	00060	70495	2003	11	163.0
USGS	04112500	00060	70495	2003	12	154.7
USGS	04112500	00060	70495	2004	1	180.8
USGS	04112500	00060	70495	2004	2	132.1
USGS	04112500	00060	70495	2004	3	505.6
USGS	04112500	00060	70495	2004	4	167.2
USGS	04112500	00060	70495	2004	5	692.8
USGS	04112500	00060	70495	2004	6	328.2
USGS	04112500	00060	70495	2004	7	137.9
USGS	04112500	00060	70495	2004	8	91.5
USGS	04112500	00060	70495	2004	9	51.8
USGS	04112500	00060	70495	2004	10	52.3
USGS	04112500	00060	70495	2004	11	149.8
USGS	04112500	00060	70495	2004	12	328.9
USGS	04112500	00060	70495	2005	1	654.7
USGS	04112500	00060	70495	2005	2	539.0
USGS	04112500	00060	70495	2005	3	525.6
USGS	04112500	00060	70495	2005	4	247.5
USGS	04112500	00060	70495	2005	5	158.9
USGS	04112500	00060	70495	2005	6	90.7
USGS	04112500	00060	70495	2005	7	64.7
USGS	04112500	00060	70495	2005	8	27.7
USGS	04112500	00060	70495	2005	9	28.5
USGS	04112500	00060	70495	2005	10	29.0
USGS	04112500	00060	70495	2005	11	58.0
USGS	04112500	00060	70495	2005	12	75.7
USGS	04112500	00060	70495	2006	1	357.6
USGS	04112500	00060	70495	2006	2	416.1
USGS	04112500	00060	70495	2006	3	576.0
USGS	04112500	00060	70495	2006	4	287.2
USGS	04112500	00060	70495	2006	5	481.4
USGS	04112500	00060	70495	2006	6	138.6
USGS	04112500	00060	70495	2006	7	67.1
USGS	04112500	00060	70495	2006	8	67.4
USGS	04112500	00060	70495	2006	9	77.4
USGS	04112500	00060	70495	2006	10	158.5
USGS	04112500	00060	70495	2006	11	263.4
USGS	04112500	00060	70495	2006	12	456.1
USGS	04112500	00060	70495	2007	1	565.2
USGS	04112500	00060	70495	2007	2	147.6
USGS	04112500	00060	70495	2007	3	562.4
USGS	04112500	00060	70495	2007	4	356.1
USGS	04112500	00060	70495	2007	5	387.7
USGS	04112500	00060	70495	2007	6	430.5
USGS	04112500	00060	70495	2007	7	62.2
USGS	04112500	00060	70495	2007	8	79.6
USGS	04112500	00060	70495	2007	9	72.0
USGS	04112500	00060	70495	2007	10	91.9
USGS	04112500	00060	70495	2007	11	100
USGS	04112500	00060	70495	2007	12	217.9
USGS	04112500	00060	70495	2008	1	624.6
USGS	04112500	00060	70495	2008	2	500.9
USGS	04112500	00060	70495	2008	3	645.4
USGS	04112500	00060	70495	2008	4	563.8
USGS	04112500	00060	70495	2008	5	141.3
USGS	04112500	00060	70495	2008	6	266.4
USGS	04112500	00060	70495	2008	7	149.8
USGS	04112500	00060	70495	2008	8	42.6
USGS	04112500	00060	70495	2008	9	557.2
USGS	04112500	00060	70495	2008	10	146.3
USGS	04112500	00060	70495	2008	11	160.4
USGS	04112500	00060	70495	2008	12	485.2
USGS	04112500	00060	70495	2009	1	325.3
USGS	04112500	00060	70495	2009	2	714.1
USGS	04112500	00060	70495	2009	3	790.6
USGS	04112500	00060	70495	2009	4	832.1
USGS	04112500	00060	70495	2009	5	544.7
USGS	04112500	00060	70495	2009	6	514.9
USGS	04112500	00060	70495	2009	7	145.5
USGS	04112500	00060	70495	2009	8	129.9
USGS	04112500	00060	70495	2009	9	62.8
USGS	04112500	00060	70495	2009	10	101.5
USGS	04112500	00060	70495	2009	11	136.7
USGS	04112500	00060	70495	2009	12	182.1
USGS	04112500	00060	70495	2010	1	168.4
USGS	04112500	00060	70495	2010	2	117.0
USGS	04112500	00060	70495	2010	3	487.2
USGS	04112500	00060	70495	2010	4	304.0
USGS	04112500	00060	70495	2010	5	485.0
USGS	04112500	00060	70495	2010	6	306.3
USGS	04112500	00060	70495	2010	7	99.3
USGS	04112500	00060	70495	2010	8	50.1
USGS	04112500	00060	70495	2010	9	59.0
USGS	04112500	00060	70495	2010	10	46.2
USGS	04112500	00060	70495	2010	11	65.8
USGS	04112500	00060	70495	2010	12	66.1
USGS	04112500	00060	70495	2011	1	92.8
USGS	04112500	00060	70495	2011	2	158.4
USGS	04112500	00060	70495	2011	3	669.2
USGS	04112500	00060	70495	2011	4	623.1
USGS	04112500	00060	70495	2011	5	839.2
USGS	04112500	00060	70495	2011	6	282.4
USGS	04112500	00060	70495	2011	7	183.8
USGS	04112500	00060	70495	2011	8	210.7
USGS	04112500	00060	70495	2011	9	98.5
USGS	04112500	00060	70495	2011	10	138.7
USGS	04112500	00060	70495	2011	11	161.3
USGS	04112500	00060	70495	2011	12	521.3
USGS	04112500	00060	70495	2012	1	343.0
USGS	04112500	00060	70495	2012	2	338.1
USGS	04112500	00060	70495	2012	3	443.7
USGS	04112500	00060	70495	2012	4	214.0
USGS	04112500	00060	70495	2012	5	273.1
USGS	04112500	00060	70495	2012	6	72.0
USGS	04112500	00060	70495	2012	7	37.8
USGS	04112500	00060	70495	2012	8	32.2
USGS	04112500	00060	70495	2012	9	29.7
USGS	04112500	00060	70495	2012	10	45.5
USGS	04112500	00060	70495	2012	11	47.1
USGS	04112500	00060	70495	2012	12	71.0
USGS	04112500	00060	70495	2013	1	145.1
USGS	04112500	00060	70495	2013	2	244.7
USGS	04112500	00060	70495	2013	3	273.8
USGS	04112500	00060	70495	2013	4	935.9
USGS	04112500	00060	70495	2013	5	294.2
USGS	04112500	00060	70495	2013	6	382.2
USGS	04112500	00060	70495	2013	7	132.0
USGS	04112500	00060	70495	2013	8	70.3
USGS	04112500	00060	70495	2013	9	44.0
USGS	04112500	00060	70495	2013	10	68.4
USGS	04112500	00060	70495	2013	11	142.6
USGS	04112500	00060	70495	2013	12	131.9
USGS	04112500	00060	70495	2014	1	189.2
USGS	04112500	00060	70495	2014	2	134.9
USGS	04112500	00060	70495	2014	3	677.9
USGS	04112500	00060	70495	2014	4	447.2
USGS	04112500	00060	70495	2014	5	576.7
USGS	04112500	00060	70495	2014	6	194.4
USGS	04112500	00060	70495	2014	7	173.5
USGS	04112500	00060	70495	2014	8	113.0
USGS	04112500	00060	70495	2014	9	117.2
USGS	04112500	00060	70495	2014	10	121.5
USGS	04112500	00060	70495	2014	11	153.5
USGS	04112500	00060	70495	2014	12	196.4
USGS	04112500	00060	70495	2015	1	136.7
USGS	04112500	00060	70495	2015	2	86.8
USGS	04112500	00060	70495	2015	3	381.8
USGS	04112500	00060	70495	2015	4	195.9
USGS	04112500	00060	70495	2015	5	165.1
USGS	04112500	00060	70495	2015	6	533.7
USGS	04112500	00060	70495	2015	7	210.8
USGS	04112500	00060	70495	2015	8	106.3
USGS	04112500	00060	70495	2015	9	86.6
USGS	04112500	00060	70495	2015	10	58.0
USGS	04112500	00060	70495	2015	11	110.2
USGS	04112500	00060	70495	2015	12	170.9